,q_mean,q_runoff_ratio,q_elas_Sankarasubramanian,slope_sawicz,baseflow_index,hfd_mean,hfd_std,q_5,q_95,hq_freq,hq_dur,lq_freq,lq_dur,zero_q_freq,p_mean,pet_mean,aridity,p_seasonality,frac_snow,hp_freq,hp_dur,hp_time,lp_freq,lp_dur,lp_time,ele_mt_max,ele_mt_mean,ele_mt_min,slp_dg_mean,flat_area_fra,steep_area_fra,elon_ratio,strm_dens,lit_dom,bedrk_dep,lit_fra_su,lit_fra_ss,lit_fra_sm,lit_fra_sc,lit_fra_mt,lit_fra_pi,lit_fra_py,lit_fra_vi,lit_fra_ev,lit_fra_ig,lit_fra_pa,lit_fra_pb,lit_fra_va,lit_fra_vb,perm_high_regi,perm_medium_regi,perm_low_regi,perm_high_cont2,perm_medium_cont2,perm_low_cont2,perm_high_glob2,perm_medium_glob2,perm_low_glob2,root_dep_mean,root_dep_max,root_dep_min,soil_tawc_mean,soil_fra_sand_mean,soil_fra_silt_mean,soil_fra_clay_mean,soil_fra_grav_mean,soil_bd_mean,soil_oc_mean,lai_mean,ndvi_mean,lulc_2006_urban,lulc_2006_NonIrriAgri,lulc_2006_Agric,lulc_2006_forest,lulc_2006_grass,lulc_2006_agriculture,dam_num,res_num,lakes_num,lakes_tot_area,lakes_tot_vol,sno_cov_mean,irri_1990,irri_2005,stations_num_p_mean,nse_r1comp,nse_c1comp,nse_g1comp,nse_nogeo
q_mean,1.0,0.9533183754939256,-0.3454724737803682,-0.010637005633651348,0.24259999881929206,0.05192946187510508,0.02183119054933785,0.47088302487232975,0.8815409020840087,-0.4588479915470747,-0.2451114424845578,-0.08136183625709625,-0.01391282712089867,,0.8621912587828987,-0.6426186097117267,-0.8938994443442039,-0.6446120386234685,0.7639672047117296,-0.6116079828717668,0.41658411081474345,0.2598074561207773,-0.8321162494657082,-0.8160119852991731,-0.30922766738951507,0.6698872632118699,0.8338418375703109,0.5495680672992687,0.6681663801831217,-0.6582844677252118,0.5687337893313246,-0.04447133431758597,-0.2028649654800863,-0.08664899887594263,-0.362779774546176,0.04802528672327373,0.3542796889119827,-0.21117960595302032,-0.46355497103236876,0.536123035446979,,,,,,0.602510757708645,0.4862941759742007,0.1061883858134866,0.4042989881786562,0.11986388208713504,-0.7376627211145751,0.6909258977545764,-0.0704462557652629,-0.5328641791990502,0.5667367275409854,0.3413033532537853,-0.593073186575402,0.5868720573392616,-0.47978468760473075,-0.13325676727492095,-0.05702740422358613,-0.3593055174882378,0.670420307924016,-0.22862437156772472,-0.6967593806789543,0.1455444460057754,0.6354229476862701,0.3266389587112807,0.691265011491352,0.6318318291599518,-0.09061194428879059,-0.7216787067322623,0.06710969790032484,0.5899738951260325,0.09427861920175933,-0.46205603830791797,0.3234708528567035,0.3234708528567035,-0.12991064120618648,-0.14419226139990232,-0.11948158006511513,0.7966117036192913,-0.13155165553247591,-0.11234258815764783,0.14069431624834547,0.3165157827521416,0.26138775166237643,0.12659011718746294,0.22827187227621493
q_runoff_ratio,0.9533183754939256,1.0,-0.3125988453850623,0.028083906366448114,0.18722801176129147,-0.014486056999564779,-0.06749044905288845,0.4485190610711528,0.859036041749265,-0.40532378098617816,-0.1889141889144163,-0.05633642199553357,0.001663971138194233,,0.7019535828309917,-0.6647063033121258,-0.7779540349997699,-0.5747451190769055,0.7321336846401544,-0.514587595875889,0.34811956037675507,0.27433675070788965,-0.7386066455321271,-0.7157645019165275,-0.35415909272452073,0.5866488962926849,0.7948162814436761,0.4886566903457369,0.6323585457437438,-0.6396873187440169,0.511783886591576,-0.07993759167815308,-0.19644164659900906,-0.09203149817472815,-0.29459962224546343,0.016381735321232563,0.2735911195958124,-0.23526928334150063,-0.4122314476441707,0.5386515621013473,,,,,,0.5507156837916004,0.4445066840337792,0.059781960515380504,0.4339902455056613,0.027061888018670672,-0.6894719971823948,0.7055886297137867,-0.11202720088099793,-0.5210198340117742,0.5640452077883676,0.2563086003752373,-0.5185202047910896,0.5665432959296665,-0.512522359405058,-0.08737467533882684,-0.05875889292132908,-0.2977671647886027,0.60406856724106,-0.13627626820938604,-0.6795823293889873,0.2004563513971343,0.6052534438624172,0.31820964214718583,0.5644396354694571,0.48928522353401743,-0.05990613400045521,-0.6737224728746392,0.08442723110634213,0.5203292698612322,-0.00730430284785254,-0.3930403717218112,0.3098300271570587,0.3098300271570587,-0.1307239997062914,-0.14208559263278892,-0.11765319311719875,0.7776687447606772,-0.16825583765848376,-0.11446299096275013,0.2068026239285524,0.34742636135288596,0.29131624658644445,0.17085027389533836,0.2568756209169163
q_elas_Sankarasubramanian,-0.3454724737803682,-0.3125988453850623,1.0,0.09498903203245165,-0.10578203357662815,0.18449633451828307,0.2773768524069459,-0.2787195275782644,-0.30114894895403266,0.2315999066465002,0.27859630070191715,0.10996410383599865,0.09138645117302995,,-0.40019149515694824,0.35040135370786674,0.43134588228959986,0.5710392834067508,-0.4441622490343878,0.17488740107896528,-0.3412028997422235,-0.37180032349689657,0.4007335778638329,0.2808227661462599,0.12353013269018244,-0.09356913355511812,-0.3937713016191548,-0.2932756317046434,-0.2380496448941218,0.27229423002126474,-0.1845316210418489,-0.03627225640932291,0.024534368264810858,0.07404376486620559,0.1271379608656857,0.01757050178115144,-0.2660277071734758,0.25764197552530477,0.16350424868164024,-0.08878518077854024,,,,,,-0.11770517022874502,0.0032762630866215474,0.24970331168746232,-0.03804115649430058,-0.05673016774467797,0.43813252924035506,-0.3608008442137406,0.044206255454118805,0.3939229920916076,-0.32129980756641097,-0.2739162270195844,0.37118180190574185,-0.06352673888658794,0.24708294927652913,-0.062155236324015616,-0.12062340440151924,0.10071075826134071,-0.3746460155125691,0.004096574359069414,0.3586154498545546,0.0673578461525059,-0.3547096215516549,0.10570691589349254,-0.22031564959280353,-0.2016178995441418,-0.16225372782454037,0.3972873349261437,-0.22957133591376422,-0.1980907376564632,0.16539385348222505,0.16912780450818282,0.0035581781262145483,0.0035581781262145483,0.2923453198658385,0.3056490730306763,0.251955239387266,-0.3601358544943681,0.04200293584801738,0.12612775294273543,-0.24511080325920068,-0.10877833960896413,-0.06877957810535265,0.09449749085490586,-0.045838761694563926
slope_sawicz,-0.010637005633651348,0.028083906366448114,0.09498903203245165,1.0,-0.7296896895467614,-0.6956578693703801,-0.13505357700356418,-0.7654401856363243,0.33741958687385265,0.6877814906466431,0.7471675284747834,0.9353870556904864,0.764876177663822,,0.034409498519785274,-0.13892494870351718,-0.07723197699638543,-0.1753741576602411,0.09334768554654055,-0.17113568051593395,-0.06228717603706304,0.1529392796965518,-0.21898675990449407,-0.1040006859688244,0.1570730902246654,-0.13422719927896362,0.028723586686515857,-0.011922965164879876,-0.1783295979924673,0.060796021560965356,-0.25646876132482593,0.15168426969466628,-0.09861377248210161,0.11266622705053703,0.14472480781568395,-0.10485797630684551,-0.06592343885729604,-0.1043519627939758,-0.004278793109889797,0.006689313999710311,,,,,,-0.1324368210722114,-0.05917296693692709,-0.2012210575427932,-0.14508096278927032,-0.7466244361354668,-0.020281919469903473,0.3538125618086361,-0.6690892482145109,-0.16906360642772172,0.4299264674687996,-0.05452356992118885,0.04490428748835774,-0.23986171090678332,-0.21533368265612346,-0.3337089085537797,0.3118491507874039,0.48553725578984697,-0.22788331460744918,0.46687498811256917,-0.010705873106500795,0.1317429733065595,-0.16678656269395964,0.09530795979612251,-0.17902167228375254,-0.24503043289815782,-0.18051893278344314,-0.018100514522574752,0.29354039667452936,-0.22624800829012862,-0.24210573828392615,0.36809563165056614,-0.02540277916352803,-0.02540277916352803,0.04633654193711475,0.04725618429947425,0.03408461655412731,0.05999828515151598,0.21402214867217073,0.22190944147427444,0.03486472312569323,0.32451936819108884,0.34984661701566677,0.002834251090958032,0.09680753768326066
baseflow_index,0.24259999881929206,0.18722801176129147,-0.10578203357662815,-0.7296896895467614,1.0,0.8288439156905242,0.17281624658508934,0.7599220624228966,-0.14314534887010819,-0.9110778198094713,-0.5674437117386639,-0.7981877295776415,-0.6887378096587269,,0.18320467063834275,-0.024192069214473158,-0.14607887050062768,-0.040775440950658944,0.03913643169485802,-0.04065693260531241,0.16581709295112182,0.09091819296839661,0.002198472268133593,-0.061427390726087425,-0.28373060142629936,0.38383857043826614,0.1525342991197113,-0.07789194894866272,0.36725506758268567,-0.23152684767496418,0.47253239434355543,-0.17817209070280982,0.1077193308235636,0.09191499136061224,-0.1487513935358107,0.20223765778464317,0.37612741827733537,-0.08485785634685766,-0.27502129955824356,0.21557041444912906,,,,,,0.3331616539000501,0.24445003707506066,0.344214748739014,0.22123305905636678,0.6952090837119671,-0.199685885182993,-0.08624780096436603,0.513592018443216,-0.03891534103040151,-0.13824157400962722,0.36751856923150034,-0.367381293296276,0.3723412509869282,-0.031640926508696515,0.21232116722664032,-0.4774874992612225,-0.4704461336036334,0.42104135002172655,-0.44153010768924306,-0.20360662105418798,-0.1109282370058684,0.348504483784899,0.1386207950130322,0.3436338635041326,0.3684111487220712,0.10176615008298101,-0.10342414224111879,-0.4301932275287215,0.4270041090595962,0.2520110288994504,-0.49310565854614186,0.24383016872207822,0.24383016872207822,0.08841164126844164,0.08452835122685126,0.09488189838851101,0.104919040402411,-0.12679236068663108,-0.19531170191783648,0.07920305121612466,-0.12992092254503082,-0.15626429150605528,-0.005849847573985181,0.1123142151888018
hfd_mean,0.05192946187510508,-0.014486056999564779,0.18449633451828307,-0.6956578693703801,0.8288439156905242,1.0,0.426779019973039,0.6000681202206657,-0.27212253433238226,-0.717233593575093,-0.5341751892270391,-0.7203574547957399,-0.6497960283849699,,0.04714451077172086,0.13305735162532661,0.028043014859989578,0.22838447678139898,-0.1443736396313465,0.07176729221359361,0.010685350896667728,-0.1389690150988145,0.1897376293297444,0.024965702533661843,-0.1550534503708266,0.3076129287559474,-0.00731183922529922,-0.09181998975887332,0.27363015819332837,-0.14018758365764317,0.4143454951222493,-0.07790076466135358,0.02280194886253302,0.016055030202983957,-0.2438079814105634,0.11453878703403553,0.22984939804501273,-0.053331479772374735,-0.12222886888546564,0.09129216207517006,,,,,,0.22609965228647377,0.17942642415576004,0.4412906331807881,0.15300785691900903,0.6430589284189618,-0.0007282718670179615,-0.3081392273013722,0.4868426615639866,0.15760309491761915,-0.3535375218521616,0.22176121798289775,-0.21107132800871045,0.32350302123936603,0.10150930184628784,0.10040060601341115,-0.503480440944087,-0.4373161231062733,0.24670193180291328,-0.4717065165887334,-0.045269204936813176,-0.12672138253633303,0.16474875959734067,0.14459002103436044,0.30092739921005673,0.35353304705118344,0.009162509795992424,0.03080378999658293,-0.57943088336602,0.38153444568337436,0.40887206714339025,-0.48930606101578317,0.07230244033926767,0.07230244033926767,0.07326672201483335,0.0665570401671579,0.05684044113658187,-0.04651495123445725,-0.1509494452671184,-0.18448740427581212,-0.151854948920423,-0.32013470932552746,-0.33031412328283327,-0.08344070860558074,-0.08170206279630764
hfd_std,0.02183119054933785,-0.06749044905288845,0.2773768524069459,-0.13505357700356418,0.17281624658508934,0.426779019973039,1.0,0.15003489362041522,-0.033058166176827844,-0.14203579237185196,-0.14049720625151835,-0.1147421592948061,-0.07036113602081703,,0.14468701325454678,0.39079731626449715,0.00946517250327829,0.19212794384833048,-0.2854463978903996,-0.014071457666199093,0.14348729561575688,-0.396411926081497,0.09779357125275287,-0.032696924669157586,0.022519423637170594,0.21403037882417794,-0.09870744783495142,0.05124504304969699,0.015919364749705858,0.11043999752301925,0.17553177553894217,0.05985532228023709,-0.029909390185096866,-0.12641130923558247,-0.24248609647364355,0.10175094118571724,-0.08839179670823455,0.268172527302151,-0.20819331510615716,-0.1573946513012318,,,,,,0.3099182104133456,0.2614763470862799,0.25370183427550724,0.09813378520456159,0.1871791668583659,0.1393196020488426,-0.31608902148019763,0.10350046483591238,0.352124234059931,-0.29988048285793634,-0.0678062449656839,-0.08128083597217535,0.2963652064464087,0.3340661120498364,-0.07454116551031237,-0.12959457509794903,-0.35749262354592,0.1483898472615774,-0.6008235941398479,0.08188326751868454,-0.23851895604788195,0.038938580376174425,0.02067579186596961,0.2642676322124113,0.3608506780380126,-0.17715376779505787,0.10440677869295303,-0.5532639590240992,0.24906871959199078,0.5965754037394919,-0.3209658365602407,-0.017265457145536827,-0.017265457145536827,0.22056185718184257,0.2190220465487285,0.17554894248140654,-0.16111369130599565,0.0561160736381559,-0.11699014183374828,-0.4940780395109619,-0.28803883134502833,-0.26099217133118535,-0.13352323473899833,-0.16443302283865086
q_5,0.47088302487232975,0.4485190610711528,-0.2787195275782644,-0.7654401856363243,0.7599220624228966,0.6000681202206657,0.15003489362041522,1.0,0.12209389576257469,-0.8417359581413828,-0.7738067740219035,-0.8290131542583453,-0.705150535423171,,0.35764491803921067,-0.13408223115293222,-0.32988200213926144,-0.22107351963581154,0.2368531910733991,-0.0759837080930627,0.36127671458356425,0.09296068050705782,-0.1711980794095786,-0.22987859635101723,-0.35726508488632425,0.4597711505454856,0.35025366234404215,0.18915893384670002,0.46368099045034217,-0.34049860811193994,0.5384303923014279,-0.125389460186312,0.015633191658393074,-0.21611340065312606,-0.24972013017093836,0.15570143641987244,0.18613393787424132,-0.007549914762180391,-0.25293238366936927,0.253285252629575,,,,,,0.5172058946701487,0.40758045108395063,0.23013223543887576,0.4252535653179978,0.6718823777284191,-0.3229144939607432,0.024616387832792425,0.5191913089758708,-0.07683617455926628,-0.08581730365786143,0.17734732604460843,-0.3599769979423125,0.5609450166629558,0.005649690603980376,0.2557579225212978,-0.3952909407835671,-0.618317629777425,0.5361486250014864,-0.5676741698679011,-0.32466672568409355,-0.08741714290158242,0.47537863604525593,0.000445401409335721,0.44119287256846573,0.47362378171109737,0.18347203599508133,-0.28418493192562105,-0.3381543782769489,0.500834851799798,0.28378303122662074,-0.5836435657665533,0.2842713260514309,0.2842713260514309,-0.015976247267509586,-0.001770549631556049,0.03223823967815443,0.2892570646714679,-0.20745119420872218,-0.26813044165684247,0.1267629102082248,-0.05271406459530745,-0.09718709071692233,0.1566988211515126,0.11712754565962583
q_95,0.8815409020840087,0.859036041749265,-0.30114894895403266,0.33741958687385265,-0.14314534887010819,-0.27212253433238226,-0.033058166176827844,0.12209389576257469,1.0,-0.07062729537519113,0.0727565461361482,0.2996431153936961,0.3193982966944676,,0.7948544509347942,-0.6073424275801199,-0.8341594124643036,-0.6590966526190254,0.7204501299859638,-0.6183057566258098,0.3743780926115269,0.22909380018189981,-0.8432349522798256,-0.7758279031200986,-0.27975897525050636,0.5421106153485582,0.7553391907458779,0.5429173662978494,0.499164018996537,-0.5300548270162385,0.38005368366757236,0.05122800017036329,-0.21255848066618946,-0.1146891653349552,-0.26691119562339666,0.043488002514155306,0.2189750609886795,-0.15520954915693555,-0.4256819553001445,0.4786633709350253,,,,,,0.5291936331830664,0.4049310107627113,0.01939523308782496,0.32011584639400087,-0.20359500480347548,-0.6505091460567354,0.7581717235252389,-0.3421926872805032,-0.47972170119661267,0.6532860277347979,0.21633375490954837,-0.47724523161875815,0.48519822933873175,-0.46613300053826107,-0.2544391315493492,0.0998940680862189,-0.17204630339245394,0.49760519402713854,-0.06889800817897584,-0.6078534580080311,0.1817913334254262,0.48163358024844555,0.27038819806198205,0.5340858042327707,0.4699434071834558,-0.0969329689493863,-0.6464767234594733,0.22016563367426342,0.39920257636781553,0.022263288631718923,-0.2512003887001424,0.26028166299772154,0.26028166299772154,-0.07315221942555965,-0.08085514152564097,-0.06211670605748418,0.7311540614265792,-0.02614471046304024,-0.020032033218193645,0.10888406709108292,0.3922384945720123,0.3540216306602367,0.13449497102692082,0.21667337514083754
hq_freq,-0.4588479915470747,-0.40532378098617816,0.2315999066465002,0.6877814906466431,-0.9110778198094713,-0.717233593575093,-0.14203579237185196,-0.8417359581413828,-0.07062729537519113,1.0,0.6669127769335931,0.7619084644138807,0.6728212358554626,,-0.3767678596780717,0.14953052916713966,0.3459194246819642,0.22561182029798188,-0.21794635296181294,0.16028314405967065,-0.33824711796940465,-0.18170115335348597,0.18977573690743665,0.24735861826306532,0.3902701120736831,-0.5254062589559365,-0.34871518838207166,-0.0644540507069576,-0.49723959548998964,0.37156616634831113,-0.5733672805928611,0.1710363035399222,-0.03645452639464527,0.04374398985493043,0.18761239005617286,-0.14379849753057253,-0.34348982105755477,0.08735158021489124,0.3569018025952799,-0.3795964265683635,,,,,,-0.5167169123591515,-0.4126013304505736,-0.2736521839822508,-0.3609983873436541,-0.6547552427498248,0.3412347680120323,-0.07861654088949015,-0.4367989575368973,0.14754301756037538,-0.015206147135924388,-0.3367775490564387,0.44026661809118367,-0.5114689853188021,0.04859204073833798,-0.2056305279625436,0.42185025242891305,0.5323027995277719,-0.5454012818360326,0.4766414126391634,0.3289335168839582,0.07751044380826264,-0.45267320463129695,-0.18111860297749788,-0.4401768644176963,-0.4540837759626522,-0.1387717617307745,0.24533376035353108,0.37543081636831016,-0.5128950204351002,-0.24961347942778864,0.5781157708275866,-0.2888803585136271,-0.2888803585136271,-0.011467683234434235,0.002934219061393048,-0.010338694411457017,-0.2794374382249837,0.13859244380763797,0.1934800088025724,-0.14303741083193455,-0.0026008235941455205,0.0365067985815591,-0.09240545220298343,-0.17371691511885162
hq_dur,-0.2451114424845578,-0.1889141889144163,0.27859630070191715,0.7471675284747834,-0.5674437117386639,-0.5341751892270391,-0.14049720625151835,-0.7738067740219035,0.0727565461361482,0.6669127769335931,1.0,0.717973040571146,0.6222663397591736,,-0.22576204339849837,-0.06714082252004416,0.14883233502386858,0.18260467871027072,-0.06412289770509232,-0.13253560143759557,-0.3987918793948366,-0.059431521858531594,-0.026951584322848308,0.012651956864988715,0.12122439168711534,-0.14508824496734918,-0.1474038207341266,-0.25819727769713474,-0.22628171845303025,0.1381678916606727,-0.28424715445686016,0.01709267351199735,0.047028721697876356,0.3332741983894142,0.2816067452824875,0.021111863010118647,0.02402916422381804,0.08169718335529942,-0.10644854432716354,-0.05909974462962653,,,,,,-0.2625217271365589,-0.1723255782485731,-0.016700886571610535,-0.1540033733382376,-0.5996464619612473,0.07138974518066561,0.23593555311821068,-0.5004322195692236,-0.10493000324828435,0.3383241759721299,0.0349164401152066,0.057191965168470624,-0.2573982321347784,-0.1881709033709014,-0.25547794991975886,0.19033415619208696,0.4307733695455089,-0.33622075562118575,0.4711253801812504,0.11316943977364206,0.16746771589030787,-0.2719983822459767,0.22393971367422263,-0.26941557921883874,-0.3393622831382125,-0.17301324724762293,0.1080349607371257,0.25292073503509505,-0.28777759798017344,-0.15785653316922044,0.4169397709781883,0.030770973726722474,0.030770973726722474,0.3087736562836182,0.30788163820879677,0.29770118883822444,-0.04339490074202822,0.27355912192137605,0.34712843588067005,0.09917165030619847,0.29268792260489285,0.35306894802501854,0.011717996413183114,0.17082552332096457
lq_freq,-0.08136183625709625,-0.05633642199553357,0.10996410383599865,0.9353870556904864,-0.7981877295776415,-0.7203574547957399,-0.1147421592948061,-0.8290131542583453,0.2996431153936961,0.7619084644138807,0.717973040571146,1.0,0.8758419962759985,,-0.008060503018589746,-0.07318647333563756,-0.022217153768378604,-0.15499146041612988,0.03608478100650097,-0.0620738095345262,-0.045172254752157734,0.06409501101755169,-0.14914069931535706,-0.027913920426865396,0.2316976629973913,-0.24321448771013607,-0.026404727348123574,0.06702813097815,-0.21825165418810133,0.09789057093794783,-0.30619946091644207,0.16220237402488788,-0.08750775111716048,0.001478468577258183,0.10162014782697663,-0.18770478717103395,-0.20511972918073768,-0.10228560528463113,0.05788776171135706,-0.06356611642623379,,,,,,-0.17423200736388278,-0.15037232042689083,-0.3067090428896558,-0.23332204287008937,-0.7608728890737642,0.04098514822257258,0.264328666097117,-0.6796522547799606,-0.10254102975523056,0.3083680981652642,-0.18734966961295615,0.15828021946086487,-0.27983523416047035,-0.1181745612188864,-0.3396147630435879,0.44397621783589347,0.4338120161009192,-0.23968484345842836,0.3877047480821066,0.038093608992479676,0.1387884583989173,-0.18948650979537088,-0.006033651603596095,-0.22484738267978394,-0.27914066196253196,-0.18952488589946564,0.04152886627036208,0.30190478959447953,-0.27893475042138954,-0.25601076160895025,0.409167601875331,-0.16525791784567256,-0.16525791784567256,-0.04463574684744297,-0.0497507330257017,-0.07713845530586888,0.003441859018598067,0.16492274508789873,0.16024236874826916,-0.09353561445974991,0.2073501969728385,0.22920381505287166,-0.09244246319718018,-0.0579722164627825
lq_dur,-0.01391282712089867,0.001663971138194233,0.09138645117302995,0.764876177663822,-0.6887378096587269,-0.6497960283849699,-0.07036113602081703,-0.705150535423171,0.3193982966944676,0.6728212358554626,0.6222663397591736,0.8758419962759985,1.0,,0.031008394872286085,-0.11662018448560899,-0.08657766308105938,-0.16877922731361578,0.11077802325200559,-0.02507840241059522,-0.015569168797563697,0.030106016902847713,-0.16142091458764019,-0.08688327444161473,0.21080935894073455,-0.27970075950723955,0.055603503015693216,0.1889347055887456,-0.13257895800828326,0.04161331957971998,-0.2610415225011942,0.11219255574520408,-0.1641137560473254,-0.013952732012789149,-0.010268824453722259,-0.2215928904008857,-0.22401833694593834,-0.0990667497316314,-0.010545391715332888,-0.04016304511977155,,,,,,-0.14987571683634823,-0.1722349262914535,-0.38833105705489934,-0.184026200112228,-0.6791179851558291,-0.030420570912635378,0.2780974473230913,-0.6035289013793382,-0.11144615638383902,0.30578203249725083,-0.20986150251239605,0.12994256205197177,-0.17797472264833325,-0.13504736481028176,-0.35362125312994713,0.48027717327450886,0.37304144486822843,-0.16098942823356016,0.3119280321595386,-0.04947153986906422,0.1574235819177997,-0.08062956758980548,-0.0393587932677415,-0.14742038021191298,-0.19780031980542304,-0.33212179657688085,-0.035671126384811146,0.25662492006802706,-0.20633242113608488,-0.2029428555720221,0.37235509387908367,-0.1961082775431656,-0.1961082775431656,-0.09524025459879074,-0.0919881965512558,-0.14058968270986938,0.07945842415347146,0.03233462777105196,0.046371922494631984,-0.2321281770301646,0.10828350685166695,0.13999103252958206,-0.13308659829662753,-0.10242614147386016
zero_q_freq,,,,,,,,,,,,,,,,,,,,,,,,,,,,,,,,,,,,,,,,,,,,,,,,,,,,,,,,,,,,,,,,,,,,,,,,,,,,,,,,,,,,,,,,,
p_mean,0.8621912587828987,0.7019535828309917,-0.40019149515694824,0.034409498519785274,0.18320467063834275,0.04714451077172086,0.14468701325454678,0.35764491803921067,0.7948544509347942,-0.3767678596780717,-0.22576204339849837,-0.008060503018589746,0.031008394872286085,,1.0,-0.48202350576350056,-0.9451919389923727,-0.7261115888631599,0.6787337253504556,-0.6777627194558214,0.5118747592779447,0.21472104094660818,-0.8672235243444884,-0.8384820220746418,-0.19786706311598096,0.6683992236685087,0.7578782402499545,0.5785874715290263,0.5998742433054036,-0.5615708169019069,0.5580587770033056,0.03487676899186362,-0.18788734984240502,-0.0704846898869283,-0.4007007314671649,0.09665940671945944,0.3974465884391287,-0.17457111438627346,-0.47934753501182725,0.3922181667495501,,,,,,0.6074825573020818,0.49320532897210634,0.1573751752136187,0.2752715683408661,0.17415135602688966,-0.7085766599872,0.5813723075376818,-0.054961866966383506,-0.4543409808018618,0.4945487457535316,0.401097402572146,-0.6335125997538595,0.5270691959076781,-0.36972288054449143,-0.1911938026064237,0.02425148893028167,-0.4092777625994516,0.7064562152249814,-0.35302804044703917,-0.6480953085314449,-0.060722911090483146,0.6272787289906904,0.24331733576411876,0.7820335511826516,0.7413482663350281,-0.09721355594215965,-0.7132278851682297,0.010451725089143757,0.61518325860647,0.2970979141848859,-0.5252491330897222,0.27906294230571027,0.27906294230571027,-0.11382521011008621,-0.12855854382288054,-0.10684267072791834,0.695825007182454,-0.016612693002695106,-0.09649018420486828,0.025142990925463776,0.22284147778538868,0.18362831335689592,-0.004592017797505711,0.1154530449773298
pet_mean,-0.6426186097117267,-0.6647063033121258,0.35040135370786674,-0.13892494870351718,-0.024192069214473158,0.13305735162532661,0.39079731626449715,-0.13408223115293222,-0.6073424275801199,0.14953052916713966,-0.06714082252004416,-0.07318647333563756,-0.11662018448560899,,-0.48202350576350056,1.0,0.7201272926405324,0.4903545179012521,-0.9282523747606954,0.38109212228928085,-0.03196793539125538,-0.4643968568810723,0.6833995520410707,0.6631064455158252,0.23594976175883361,-0.39819972887341293,-0.8464325296789705,-0.47421236668565203,-0.6631764002171412,0.774863400641608,-0.43783391229374274,0.08023401787623322,0.2036414514575343,-0.10824219307791713,0.3962622348183053,0.16847509286761966,-0.4876923751264684,0.5252376987280629,0.32438453167170994,-0.5498052842273028,,,,,,-0.13454085670939367,-0.035109679976509274,0.07439806709927926,-0.2475313985411282,0.06526311436126253,0.8090953027858904,-0.8615478857099905,0.21237773686985992,0.8141916351512435,-0.7892008776004946,-0.4294906088016293,0.5541029760544299,-0.2652247913995406,0.7604250299802462,0.1492285133650428,0.06854097819400479,0.0394954138436806,-0.466654758667625,-0.323831982612193,0.7922178788905452,-0.42760710309665134,-0.6130167259359893,-0.2521133509734038,-0.49842167256941267,-0.3590057561391512,0.19080248701449082,0.8229830435258155,-0.37542132063289824,-0.47578962456194923,0.2910476244604936,0.297680977912764,-0.042751438234219084,-0.042751438234219084,0.4027611958736191,0.41037684046081524,0.3615461887223497,-0.9120483645731561,0.35130957522855255,0.14217164220522505,-0.35300047154619113,-0.3222456451175644,-0.24588707544368696,-0.016987626143680018,-0.23289149380600915
aridity,-0.8938994443442039,-0.7779540349997699,0.43134588228959986,-0.07723197699638543,-0.14607887050062768,0.028043014859989578,0.00946517250327829,-0.32988200213926144,-0.8341594124643036,0.3459194246819642,0.14883233502386858,-0.022217153768378604,-0.08657766308105938,,-0.9451919389923727,0.7201272926405324,1.0,0.745828404021041,-0.8630302997200842,0.6483162874079742,-0.4294746637024255,-0.3497418798970625,0.9138817635890542,0.8907715942813678,0.25798571411131005,-0.6575655573169645,-0.9022331469711559,-0.6224211275208132,-0.6967405416165069,0.7064534186845413,-0.5773122215688278,0.01874383665086029,0.23366295742561713,0.022220245800908544,0.4438839187888835,-0.011067890752463899,-0.4775135325145132,0.3032314842949412,0.5055351897054334,-0.5218593395335436,,,,,,-0.5270047033595696,-0.3994189856473879,-0.06777339111925916,-0.32709906448807996,-0.11829867379844856,0.8417109205013817,-0.761619074685776,0.10789495081550542,0.6448688103679566,-0.6827059845859159,-0.4580459096556307,0.6886092061086426,-0.518357103579607,0.5467545707574865,0.20738054163167127,0.0004032608960194599,0.31632159197838855,-0.7133064672705001,0.1534097405451103,0.7859999288165213,-0.10502197190728559,-0.710476797157533,-0.27924602007679705,-0.7834947051476921,-0.7056529747868534,0.16281153462571538,0.8492886050793214,-0.14593456436152405,-0.6571297229356908,-0.116610044788059,0.5167308559182501,-0.25023698088613755,-0.25023698088613755,0.21925828935232985,0.23393052689128152,0.20151036208957357,-0.8685423983180675,0.1483295509347283,0.13733016018939528,-0.1353211359135609,-0.29776399539619003,-0.2409206967181959,-0.02536583972683473,-0.19205156061348277
p_seasonality,-0.6446120386234685,-0.5747451190769055,0.5710392834067508,-0.1753741576602411,-0.040775440950658944,0.22838447678139898,0.19212794384833048,-0.22107351963581154,-0.6590966526190254,0.22561182029798188,0.18260467871027072,-0.15499146041612988,-0.16877922731361578,,-0.7261115888631599,0.4903545179012521,0.745828404021041,1.0,-0.5858157442037941,0.3140982139129147,-0.7135095039471436,-0.5619681899150702,0.6798543205632094,0.46751579542415406,0.20492650036773402,-0.32011705575379085,-0.6080916642673168,-0.47093825455351845,-0.3505099904453121,0.385544553639555,-0.2710050877330569,-0.05628464640769802,0.24103716121596033,0.19718372199734638,0.18296200924317751,0.012470730577951597,-0.15107597621981406,0.3808286229947514,0.2353252706256691,-0.37325909720921946,,,,,,-0.45256956747845123,-0.31447987440125225,0.21581477628253998,-0.1903874371326238,0.12389568939281864,0.5375264385610606,-0.5911740537008782,0.31561668460879583,0.3841052585711725,-0.536101683086454,-0.1615509654299042,0.4005414140952212,-0.3009883261494166,0.3998180160675343,0.011428417560680734,-0.05486284188307662,0.13949992046290727,-0.5326489091194652,0.062260758210865956,0.5736731072510665,0.04478650103196595,-0.5519924338273204,0.08807773081665048,-0.39005115365271853,-0.30558943770453384,-0.08666387191788534,0.5457681076769867,-0.09855380439008997,-0.3470962377250101,0.012519724208183676,0.31147513869880916,-0.20713398325689142,-0.20713398325689142,0.2664655936707514,0.26869087375344897,0.24525983234820212,-0.5233282476273254,0.06296873040587639,0.17535114244135536,-0.1574775873869819,-0.2488762927304192,-0.20722461249186988,0.017760204040868335,-0.11267344038910328
frac_snow,0.7639672047117296,0.7321336846401544,-0.4441622490343878,0.09334768554654055,0.03913643169485802,-0.1443736396313465,-0.2854463978903996,0.2368531910733991,0.7204501299859638,-0.21794635296181294,-0.06412289770509232,0.03608478100650097,0.11077802325200559,,0.6787337253504556,-0.9282523747606954,-0.8630302997200842,-0.5858157442037941,1.0,-0.5002146073691612,0.1879606749298735,0.462496810108842,-0.8023634761828,-0.79887760213653,-0.2220884665722578,0.4736167157297781,0.9378341719545337,0.5981020627054688,0.7157168805958016,-0.8052911228313783,0.4957125523161541,-0.0817761157298434,-0.2428901909690767,0.0422726450890153,-0.46063159303682893,-0.14266341158325585,0.48911330146993115,-0.44248464992220266,-0.3971163134369706,0.5536574383312093,,,,,,0.2620458336171451,0.13516123257924684,-0.0931764233498465,0.29336392141553425,0.017178171780012914,-0.8844300139922809,0.8628357054961464,-0.1332707478126373,-0.8282146934782005,0.7841754782712136,0.4431284227868567,-0.6170552493046612,0.3603606214486585,-0.677197931197029,-0.1646638278236411,0.026640758483846023,-0.10752468104721978,0.5703909426268091,0.17040133881506384,-0.8231706983223132,0.31158175177384295,0.6849743839235802,0.25275398677192973,0.6334381294189931,0.5221452515487067,-0.23362173001217454,-0.8874963533231559,0.34745288553754894,0.5732046511708275,-0.19838858580927393,-0.3826418980126673,0.08570211559765056,0.08570211559765056,-0.3962401224933721,-0.4086173916097531,-0.3578942809496329,0.9561544037178883,-0.33745888090136966,-0.19011282560773277,0.26168738705105754,0.2962015607515422,0.2211180090713585,0.020267601685128294,0.1912981322740484
hp_freq,-0.6116079828717668,-0.514587595875889,0.17488740107896528,-0.17113568051593395,-0.04065693260531241,0.07176729221359361,-0.014071457666199093,-0.0759837080930627,-0.6183057566258098,0.16028314405967065,-0.13253560143759557,-0.0620738095345262,-0.02507840241059522,,-0.6777627194558214,0.38109212228928085,0.6483162874079742,0.3140982139129147,-0.5002146073691612,1.0,-0.19386320571455717,-0.0776273912906606,0.8357170929220016,0.8082706319229686,0.1879177567143164,-0.6287578216180295,-0.5067237019667237,-0.18994607678460482,-0.356700019374234,0.2979681177847277,-0.37196385455153025,0.10179362606604764,-0.07779991578497782,-0.06892809878043712,0.008779409593140872,-0.2961527540020596,-0.3594561559765899,0.0067427264252382674,0.276162793347685,-0.3189672160066273,,,,,,-0.4437088042180049,-0.4316914709564509,-0.3600786976069913,-0.2496778532307029,-0.03806925626268071,0.4976113739206369,-0.53190860991506,0.03182695465064633,0.3325804662453983,-0.46782041384099066,-0.37495468056911496,0.42819315530304064,-0.4066424091282438,0.4173784220655129,0.08459017627632921,0.016362792993739425,0.14504447119609026,-0.42315258980510634,0.10728389125079482,0.4179708806577431,0.1071650586040897,-0.31903546083258477,-0.44912517212949005,-0.5107463699199322,-0.43803582488917764,0.018756626611479938,0.5188196991217019,-0.21540894746562203,-0.2971324995506571,-0.24849620706250286,0.18943921118256168,-0.40985714503044796,-0.40985714503044796,-0.22582634946061267,-0.19254857686113425,-0.21244010800606242,-0.5259850997486967,-0.3903073443859702,-0.38926924146355407,-0.24368904486045276,-0.35116634681682773,-0.3447070200902458,-0.1456492433569089,-0.2737068247659808
hp_dur,0.41658411081474345,0.34811956037675507,-0.3412028997422235,-0.06228717603706304,0.16581709295112182,0.010685350896667728,0.14348729561575688,0.36127671458356425,0.3743780926115269,-0.33824711796940465,-0.3987918793948366,-0.045172254752157734,-0.015569168797563697,,0.5118747592779447,-0.03196793539125538,-0.4294746637024255,-0.7135095039471436,0.1879606749298735,-0.19386320571455717,1.0,0.43870389174266616,-0.3829062737216373,-0.24118154900203698,-0.252404714946522,0.3082534381100207,0.3033593443567515,0.2096135312585983,0.1432299321240441,-0.0760914227211189,0.22476358077429107,-0.07080979643624027,-0.20140652218439614,-0.488161396813825,0.040712158221574944,0.07120052114116124,-0.22847208769763228,-0.06549818555196364,-0.031116576106338816,0.32866604330757243,,,,,,0.6424944686622859,0.5276203132386849,-0.040243928680259076,0.3575285912608015,0.0352890964942541,-0.16199996707512737,0.19688919254797244,-0.10244686206316252,0.0434209160394011,0.17105507189232425,-0.19422898870187258,-0.07519164802983032,0.468430185840008,0.03571182263721121,0.14352937197519322,-0.08268563362228998,-0.19343465250120243,0.41147558332759104,-0.3460386884159919,-0.24207895989939512,-0.34664955937476827,0.3196723738375854,-0.05657032947983164,0.19132506359242563,0.17542698662053927,0.1272501524831636,-0.15630099118761426,-0.2235729509960941,0.2381406603809497,0.21399660914218518,-0.30901876968874575,0.26350983674497874,0.26350983674497874,-0.05803676590027142,-0.06048245038925612,-0.06942448966170033,0.14033969308202826,0.049574739711012845,-0.14112469761091836,0.00552497285377307,0.09530528678421328,0.07281939674831198,0.14452832033461357,0.08191765111001939
hp_time,0.2598074561207773,0.27433675070788965,-0.37180032349689657,0.1529392796965518,0.09091819296839661,-0.1389690150988145,-0.396411926081497,0.09296068050705782,0.22909380018189981,-0.18170115335348597,-0.059431521858531594,0.06409501101755169,0.030106016902847713,,0.21472104094660818,-0.4643968568810723,-0.3497418798970625,-0.5619681899150702,0.462496810108842,-0.0776273912906606,0.43870389174266616,1.0,-0.3178364625183407,-0.16194803681384626,-0.2588389236610745,0.13992798101963633,0.4253499225218866,0.042256613768425634,0.2871725700488481,-0.33375912493707194,0.2252542894324166,-0.17490339155031595,-0.12483271675544956,-0.08030297411964565,-0.02921773771901845,-0.03479789130585935,0.17701580642780576,-0.5092920105080885,0.02476684323856139,0.46468858133099683,,,,,,0.17102684435867507,0.12307710212880751,-0.17374162004904206,0.30791455205277934,-0.1347548354064734,-0.3748087140820797,0.513332225209,-0.23666507511233884,-0.4531634579779831,0.5739183137606225,0.180534527538591,-0.2654351559312857,0.1887200143907117,-0.3354601830311733,0.038314746378963004,-0.1237560974024556,0.15789548194615485,0.26290888532404494,0.284861712390785,-0.4072524728633629,0.04506702525384259,0.3635483883101909,-0.05190527948020456,0.028605205134194324,-0.07763645268478102,0.12961463104961995,-0.29302862409196484,0.11645423583716576,0.2131736434691301,-0.3142632281884149,-0.16830723957765986,0.2274986779842122,0.2274986779842122,-0.2064624515825522,-0.18542934571448905,-0.15004943900156592,0.3676899855546418,-0.15243024428388946,-0.15019286673194931,0.3991507868115135,0.3158081568489638,0.2557189329589112,0.13702912651900978,0.2363048261860457
lp_freq,-0.8321162494657082,-0.7386066455321271,0.4007335778638329,-0.21898675990449407,0.002198472268133593,0.1897376293297444,0.09779357125275287,-0.1711980794095786,-0.8432349522798256,0.18977573690743665,-0.026951584322848308,-0.14914069931535706,-0.16142091458764019,,-0.8672235243444884,0.6833995520410707,0.9138817635890542,0.6798543205632094,-0.8023634761828,0.8357170929220016,-0.3829062737216373,-0.3178364625183407,1.0,0.9153872538305412,0.21304906478336127,-0.636273277390235,-0.7928072118621392,-0.4923891840923977,-0.5452265495555636,0.5542080292729072,-0.46300120277937507,0.014263017911684588,0.12683614689259318,0.06820566328632836,0.24078427455139445,-0.10208822244405966,-0.3990780683706818,0.21537835604584332,0.3989845686214898,-0.44339786845916707,,,,,,-0.5187617427848311,-0.4194018609100341,-0.0856779194509473,-0.3321601605738668,0.055109043296970965,0.7538748111221101,-0.7918037629485978,0.19153221036703316,0.5697795680814542,-0.7030111020320131,-0.3905449914096931,0.5937977920018449,-0.46699221875558844,0.5854366087840909,0.16728227411923957,-0.030831995084140786,0.1842129855701153,-0.5748704941020597,0.03403474926551338,0.6783053560277401,-0.10822552064600804,-0.5501497132609322,-0.3171740171160877,-0.6363807580609228,-0.5323101670490885,0.07880844197499375,0.7656978558391192,-0.2845219979693041,-0.4648398239364423,-0.10247467246439546,0.3145509715096865,-0.3159285076993933,-0.3159285076993933,0.0826214792832684,0.10242213950817271,0.07147607629463552,-0.8019544470480967,-0.10425595936630817,-0.1213695815025861,-0.2433341878876045,-0.4002334083676648,-0.3673895180687544,-0.09248687078225441,-0.27578864635765266
lp_dur,-0.8160119852991731,-0.7157645019165275,0.2808227661462599,-0.1040006859688244,-0.061427390726087425,0.024965702533661843,-0.032696924669157586,-0.22987859635101723,-0.7758279031200986,0.24735861826306532,0.012651956864988715,-0.027913920426865396,-0.08688327444161473,,-0.8384820220746418,0.6631064455158252,0.8907715942813678,0.46751579542415406,-0.79887760213653,0.8082706319229686,-0.24118154900203698,-0.16194803681384626,0.9153872538305412,1.0,0.19774656791231177,-0.6860181135623679,-0.8107474690592893,-0.5268199736833383,-0.6045668040280404,0.5950087650786429,-0.5115170166835563,0.03451249235971889,0.20489599697059097,0.00977128051977637,0.3156331503301835,-0.03211546043690164,-0.431178934105402,0.15305244428802564,0.4505032998101136,-0.4691199299960192,,,,,,-0.5003212207668822,-0.4132790750339,-0.1912489999874312,-0.40017093096644984,-0.09022370865373748,0.7512983764411421,-0.6944524214304867,0.04271243408775858,0.5665446212593365,-0.6180916916470516,-0.4115625449970333,0.5974530886721481,-0.5457927405676135,0.49884126117738653,0.24211388612003176,0.003436110700586408,0.2353684180427351,-0.5615054651486365,0.09170741469884922,0.6670096415900526,-0.11960529327732272,-0.5254391945117193,-0.4532300591551035,-0.7487475380216692,-0.6643838270386871,0.21678928748648663,0.7855701831380033,-0.19588979436925358,-0.5840363756154189,-0.1859378802838278,0.40828478478499247,-0.24501329645998296,-0.24501329645998296,0.06460838020836626,0.09493170754207834,0.07750724368854334,-0.8341165404257671,-0.016108092732307098,-0.09435748589255073,-0.12520247748204302,-0.3099150426089305,-0.27212122231905567,-0.09858594715392599,-0.24115353569131734
